Safe: [22, 26, 29, 30, 31, 32, 34, 36]
Safe: [14, 19, 20, 22, 25, 27, 29, 31]
Safe: [58, 54, 52, 50, 48]
Safe: [92, 86, 85, 83, 80, 78, 75]
Safe: [21, 25, 28, 31, 33, 36]
Safe: [61, 68, 71, 74, 76, 77, 78]
Safe: [25, 21, 19, 16, 14, 11]
Safe: [55, 48, 46, 44, 41]
Safe: [53, 57, 59, 60, 62, 65]
Safe: [18, 14, 11, 8, 6, 4, 3, 1]
Safe: [53, 46, 45, 44, 42, 39]
Safe: [61, 64, 67, 68, 69, 72, 74, 77]
Safe: [58, 60, 61, 64, 65, 68, 71]
Safe: [61, 63, 65, 68, 71, 74, 76]
Safe: [18, 21, 24, 27, 30, 32]
Safe: [15, 17, 18, 21, 22, 24, 26]
Safe: [40, 41, 44, 46, 48, 49, 51]
Safe: [35, 37, 39, 41, 44, 45]
Safe: [9, 12, 13, 15, 17, 20]
Safe: [32, 34, 36, 38, 40, 43]
Safe: [60, 58, 57, 55, 52, 49]
Safe: [68, 67, 65, 62, 60, 57, 55, 53]
Safe: [34, 35, 36, 39, 42, 45, 47, 48]
Safe: [22, 21, 20, 18, 16, 13, 10, 9]
Safe: [76, 77, 79, 81, 83]
Safe: [81, 82, 85, 86, 89, 92, 95]
Safe: [24, 27, 28, 30, 31, 34, 37, 40]
Safe: [2, 5, 8, 10, 13, 15, 18]
Safe: [76, 79, 81, 84, 87, 88]
Safe: [41, 40, 39, 37, 36, 34, 33, 32]
Safe: [29, 27, 25, 22, 21, 18]
Safe: [83, 81, 78, 77, 74, 73, 72]
Safe: [97, 94, 92, 90, 89]
Safe: [35, 37, 40, 42, 45, 48]
Safe: [33, 32, 30, 29, 27, 25]
Safe: [18, 17, 16, 15, 14, 11, 10]
Safe: [67, 69, 70, 71, 73, 76, 77, 80]
Safe: [44, 43, 41, 40, 37, 36]
Safe: [68, 65, 63, 62, 61, 59]
Safe: [87, 86, 83, 82, 80, 78]
Safe: [41, 38, 37, 34, 31, 29]
Safe: [5, 7, 8, 11, 13, 14]
Safe: [59, 61, 62, 65, 66]
Safe: [20, 21, 24, 26, 28, 31, 32, 33]
Safe: [33, 36, 38, 39, 41, 42, 44]
Safe: [42, 41, 39, 37, 34, 33, 31]
Safe: [18, 21, 23, 26, 29, 32, 33]
Safe: [88, 87, 85, 82, 79]
Safe: [60, 61, 62, 65, 68]
Safe: [82, 80, 77, 76, 73]
Safe: [20, 18, 15, 14, 11, 9]
Safe: [84, 82, 79, 77, 74, 73, 72, 70]
Safe: [66, 63, 62, 61, 58, 56, 53]
Safe: [44, 43, 41, 39, 37]
Safe: [82, 79, 78, 75, 73, 72, 69]
Safe: [76, 77, 78, 81, 82, 84]
Safe: [8, 11, 13, 14, 16, 18]
Safe: [17, 20, 22, 25, 27, 30, 31, 32]
Safe: [74, 72, 70, 67, 65, 63, 60, 57]
Safe: [14, 13, 11, 9, 8, 7, 5]
Safe: [59, 61, 63, 66, 67, 70]
Safe: [81, 83, 84, 85, 88, 91]
Safe: [42, 41, 39, 37, 34, 33]
Safe: [36, 39, 40, 41, 42]
Safe: [56, 55, 52, 49, 46, 43, 41, 38]
Safe: [74, 73, 72, 69, 66, 63, 60]
Safe: [80, 81, 82, 85, 87]
Safe: [56, 57, 59, 60, 61]
Safe: [9, 8, 7, 6, 3, 2]
Safe: [22, 19, 18, 17, 16]
Safe: [36, 39, 41, 44, 46, 48, 49]
Safe: [4, 7, 9, 12, 14, 17]
Safe: [46, 44, 43, 41, 38, 36, 33, 32]
Safe: [86, 84, 82, 81, 78]
Safe: [61, 64, 65, 66, 67, 69]
Safe: [45, 47, 49, 50, 52, 54]
Safe: [24, 22, 20, 19, 18, 17]
Safe: [23, 25, 27, 28, 29, 31, 32]
Safe: [36, 33, 31, 28, 26]
Safe: [7, 9, 12, 14, 16]
Safe: [8, 11, 14, 17, 18, 19, 20]
Safe: [86, 88, 90, 92, 95, 97, 98]
Safe: [74, 75, 78, 81, 82]
Safe: [68, 66, 65, 62, 59, 56]
Safe: [57, 58, 61, 62, 63]
Safe: [35, 37, 39, 41, 43, 45, 46, 48]
Safe: [87, 85, 84, 81, 78, 75, 72]
Safe: [59, 58, 57, 54, 51]
Safe: [67, 68, 71, 72, 74]
Safe: [12, 13, 16, 19, 20]
Safe: [39, 42, 45, 47, 50, 53, 54, 55]
Safe: [78, 76, 74, 73, 72, 71, 70]
Safe: [16, 17, 19, 21, 22, 23, 25, 27]
Safe: [26, 28, 29, 31, 33]
Safe: [50, 51, 54, 55, 58, 60, 61, 63]
Safe: [81, 84, 85, 88, 90, 92, 94]
Safe: [99, 97, 95, 93, 90, 89, 86]
Safe: [26, 29, 30, 31, 33]
Safe: [49, 46, 43, 42, 39, 38, 37, 35]
Safe: [49, 48, 46, 45, 43, 41, 38]
Safe: [22, 20, 18, 16, 14, 11, 9]
Safe: [13, 15, 17, 19, 22, 23, 26, 28]
Safe: [70, 73, 75, 78, 79]
Safe: [82, 81, 79, 76, 73, 70, 68, 66]
Safe: [35, 34, 33, 31, 29, 26]
Safe: [16, 14, 13, 12, 9, 8, 5, 3]
Safe: [73, 74, 76, 77, 79, 82, 85, 88]
Safe: [61, 64, 66, 69, 72, 75]
Safe: [89, 90, 93, 95, 96]
Safe: [84, 81, 80, 77, 75, 72, 69]
Safe: [10, 9, 8, 7, 5, 3, 1]
Safe: [95, 94, 92, 91, 88, 87, 86]
Safe: [51, 52, 53, 56, 57]
Safe: [98, 97, 95, 92, 89, 88, 87, 86]
Safe: [74, 72, 71, 68, 65]
Safe: [61, 59, 58, 56, 53]
Safe: [46, 49, 50, 51, 53, 55, 57, 59]
Safe: [86, 83, 80, 79, 76]
Safe: [44, 42, 41, 38, 37]
Safe: [53, 54, 56, 57, 60, 63, 65, 68]
Safe: [62, 63, 64, 65, 67]
Safe: [94, 91, 88, 87, 86]
Safe: [47, 44, 42, 39, 37, 34]
Safe: [42, 44, 45, 48, 49, 52]
Safe: [44, 42, 40, 38, 35, 33, 31, 28]
Safe: [55, 52, 50, 47, 46, 44]
Safe: [80, 79, 76, 75, 73, 71, 68]
Safe: [51, 49, 48, 46, 44]
Safe: [13, 16, 19, 21, 22]
Safe: [42, 40, 39, 38, 35, 34, 31, 29]
Safe: [63, 62, 60, 57, 55, 52]
Safe: [52, 49, 46, 44, 43, 41, 38]
Safe: [16, 13, 11, 10, 8, 7, 6]
Safe: [57, 58, 60, 62, 65, 68, 69, 71]
Safe: [23, 22, 19, 16, 14, 11, 9]
Safe: [56, 55, 52, 51, 50, 49]
Safe: [15, 13, 11, 8, 7]
Safe: [70, 68, 65, 63, 62, 59]
Safe: [76, 79, 80, 81, 83, 86, 89]
Safe: [74, 71, 69, 68, 66, 63, 61, 60]
Safe: [18, 16, 13, 10, 7, 6, 3, 1]
Safe: [49, 47, 44, 42, 41, 39, 38, 35]
Safe: [80, 78, 77, 76, 74, 73]
Safe: [91, 94, 95, 97, 99]
Safe: [70, 69, 68, 66, 64]
Safe: [58, 60, 61, 62, 63, 66]
Safe: [62, 63, 66, 69, 70, 72, 73]
Safe: [50, 51, 53, 54, 57, 59]
Safe: [34, 32, 29, 26, 25]
Safe: [11, 9, 8, 5, 2]
Safe: [42, 39, 36, 35, 33, 31, 28]
Safe: [56, 59, 61, 62, 65, 67]
Safe: [80, 77, 76, 73, 70, 69]
Safe: [42, 40, 38, 35, 32]
Safe: [61, 63, 64, 67, 70]
Safe: [90, 89, 87, 84, 83, 81, 80, 77]
Safe: [36, 33, 30, 29, 26, 25, 22, 21]
Safe: [60, 58, 56, 54, 53, 50, 49]
Safe: [87, 89, 91, 93, 96, 98]
Safe: [49, 52, 53, 56, 59]
Safe: [35, 38, 40, 43, 45, 46, 47, 50]
Safe: [41, 44, 45, 48, 49]
Safe: [75, 72, 71, 69, 68, 67, 64]
Safe: [36, 34, 31, 30, 28, 26, 25, 23]
Safe: [18, 15, 14, 12, 11]
Safe: [42, 39, 38, 37, 35]
Safe: [38, 40, 41, 42, 44, 47]
Safe: [16, 14, 11, 8, 7]
Safe: [31, 30, 27, 26, 25]
Safe: [66, 68, 70, 71, 72, 74]
Safe: [58, 57, 54, 51, 49, 47, 45, 44]
Safe: [31, 34, 36, 39, 41, 42]
Safe: [51, 49, 48, 47, 46, 43, 41, 39]
Safe: [43, 44, 45, 47, 48, 50]
Safe: [90, 89, 88, 87, 84, 82, 79]
Safe: [21, 24, 26, 28, 30, 31]
Safe: [53, 50, 47, 45, 42, 41]
Safe: [27, 24, 22, 21, 19]
Safe: [25, 28, 29, 32, 33, 34]
Safe: [12, 13, 15, 18, 20, 21, 23, 26]
Safe: [75, 72, 71, 70, 68, 67, 64]
Safe: [14, 11, 9, 7, 4, 2]
Safe: [31, 32, 34, 36, 39, 41, 43, 46]
Safe: [55, 57, 58, 59, 61, 64]
Safe: [45, 47, 50, 51, 53]
Safe: [53, 51, 49, 48, 45, 43, 41, 40]
Safe: [28, 30, 31, 34, 35, 36, 39]
Safe: [55, 52, 51, 50, 48, 47, 45]
Safe: [5, 8, 9, 11, 13, 16, 17, 20]
Safe: [66, 68, 69, 72, 75, 78]
Safe: [62, 65, 67, 70, 73]
Safe: [45, 47, 50, 51, 52, 55]
Safe: [27, 29, 31, 32, 34]
Safe: [90, 89, 86, 85, 84, 81, 78]
Safe: [66, 63, 61, 59, 58, 57]
Safe: [44, 42, 41, 38, 35]
Safe: [80, 83, 84, 86, 87, 90, 92]
Safe: [93, 90, 87, 86, 85]
Safe: [64, 66, 67, 68, 71, 74, 77, 80]
Safe: [52, 53, 54, 56, 58, 59, 61, 62]
Safe: [75, 74, 73, 72, 70, 68]
Safe: [93, 91, 88, 87, 86, 84, 81, 80]
Safe: [10, 11, 13, 16, 19]
Safe: [81, 80, 78, 75, 72, 69, 66, 64]
Safe: [50, 48, 45, 42, 41, 38, 35, 34]
Safe: [66, 69, 72, 75, 78, 80, 82, 85]
Safe: [75, 72, 70, 67, 64]
Safe: [33, 31, 30, 28, 26, 25, 23]
Safe: [51, 54, 57, 59, 62, 64, 65]
Safe: [39, 42, 44, 45, 47, 50]
Safe: [24, 25, 27, 29, 31]
Safe: [18, 15, 14, 12, 9, 6, 5, 4]
Safe: [15, 14, 13, 10, 8, 5, 3, 1]
Safe: [13, 14, 17, 19, 20, 23, 25, 28]
Safe: [45, 42, 41, 38, 37]
Safe: [49, 47, 45, 44, 41, 38, 36, 34]
Safe: [26, 29, 32, 35, 37]
Safe: [24, 26, 27, 29, 31]
Safe: [68, 70, 72, 73, 76, 79, 82]
Safe: [60, 59, 57, 54, 52, 49, 46, 43]
Safe: [58, 59, 60, 62, 65, 66]
Safe: [12, 14, 15, 18, 19, 21]
Safe: [85, 88, 89, 90, 93, 96]
Safe: [22, 23, 24, 27, 28, 29, 31]
Safe: [38, 41, 44, 47, 49, 52]
Safe: [52, 49, 47, 45, 42, 40, 39]
Safe: [77, 78, 79, 80, 81]
Safe: [32, 35, 36, 38, 40, 42, 43, 44]
Safe: [70, 72, 73, 75, 78]
Safe: [36, 37, 38, 41, 43, 46]
Safe: [40, 42, 45, 46, 48, 51]
Safe: [23, 22, 20, 19, 17, 16, 15]
Safe: [93, 91, 88, 87, 85]
Safe: [36, 35, 32, 31, 28, 26]
Safe: [61, 62, 64, 67, 68, 70, 73]
Safe: [38, 35, 32, 30, 28]
Safe: [6, 9, 12, 13, 16, 18, 19]
Safe: [48, 51, 52, 53, 55, 57, 58]
Safe: [16, 14, 12, 9, 6, 5, 4, 2]
Safe: [49, 48, 47, 44, 41, 39, 37, 36]
Safe: [70, 67, 65, 63, 62, 59, 57, 56]
Safe: [46, 48, 50, 51, 54]
Safe: [83, 80, 77, 76, 74, 72, 70, 68]
Safe: [58, 55, 53, 51, 48, 46, 45, 42]
Safe: [37, 40, 43, 45, 46]
Safe: [6, 8, 10, 13, 15, 16, 18]
Safe: [32, 33, 36, 37, 39]
Safe: [24, 21, 19, 18, 16, 15, 12, 9]
Safe: [54, 52, 50, 47, 45]
Safe: [6, 7, 9, 11, 12, 14, 16, 17]
Safe: [85, 84, 83, 81, 79]
Safe: [60, 63, 65, 68, 69, 71, 74, 75]
Safe: [71, 73, 76, 78, 81, 83, 86, 87]
Safe: [17, 15, 14, 12, 9]
Safe: [35, 36, 39, 40, 41]
Safe: [53, 56, 57, 60, 61, 63]
Safe: [66, 69, 72, 74, 77, 79]
Safe: [2, 3, 4, 6, 8, 10]
Safe: [15, 12, 9, 8, 5, 3]
Safe: [39, 40, 41, 44, 46, 47, 50]
Safe: [77, 75, 74, 71, 69, 66]
Safe: [78, 79, 81, 82, 83, 86]
Safe: [60, 58, 57, 55, 54, 51, 48, 45]
Safe: [38, 39, 40, 41, 44]
Safe: [47, 46, 44, 43, 41, 40, 39, 36]
Safe: [70, 68, 67, 64, 62, 59, 56, 54]
Safe: [19, 22, 24, 27, 30, 33, 35, 38]
Safe: [57, 54, 53, 50, 47]
Safe: [16, 18, 19, 22, 24, 27]
Safe: [62, 60, 57, 54, 53, 51, 50]
Safe: [6, 7, 8, 11, 14, 15]
Safe: [30, 32, 35, 38, 39, 42]
Safe: [23, 22, 19, 17, 15]
Safe: [70, 73, 76, 78, 80]
Safe: [87, 84, 83, 80, 78]
Safe: [81, 83, 85, 87, 88, 90, 91, 92]
Safe: [34, 33, 31, 28, 25, 24]
Safe: [79, 77, 75, 73, 70, 67, 64, 61]
Safe: [20, 21, 24, 25, 26, 29, 32]
Safe: [58, 61, 63, 65, 68, 70, 72]
Safe: [17, 20, 23, 24, 27, 30]
Safe: [73, 76, 79, 80, 83, 86, 88, 90]
Safe: [50, 52, 54, 57, 60]
Safe: [15, 13, 11, 10, 8, 5, 3, 2]
Safe: [91, 89, 88, 86, 83, 81]
Safe: [81, 84, 86, 88, 90, 92]
Safe: [82, 85, 88, 91, 94]
Safe: [28, 30, 32, 35, 38, 39, 40, 42]
Safe: [88, 86, 83, 80, 77, 76, 74, 71]
Safe: [43, 41, 39, 37, 34]
Safe: [34, 36, 37, 38, 39]
Safe: [67, 65, 63, 61, 60, 57, 56]
Safe: [50, 47, 44, 42, 41, 39]
Safe: [42, 44, 45, 47, 49, 52, 55, 58]
Safe: [23, 24, 25, 26, 27, 29, 30]
Safe: [80, 78, 76, 75, 72, 69, 66, 65]
Safe: [33, 36, 37, 40, 41, 44, 46]
Safe: [19, 22, 25, 26, 28, 29]
Safe: [19, 20, 23, 24, 26]
Safe: [86, 87, 88, 90, 91, 93, 94, 96]
Safe: [75, 76, 77, 78, 80]
Safe: [10, 13, 16, 19, 20, 22, 23, 26]
Safe: [11, 13, 14, 15, 18, 20]
Safe: [78, 81, 82, 83, 86, 87]
Safe: [81, 82, 84, 85, 86, 87]
Safe: [67, 68, 70, 72, 75]
Safe: [17, 16, 13, 11, 9, 7, 4]
Safe: [90, 91, 94, 95, 96, 99]
Safe: [84, 85, 87, 88, 89, 92]
Safe: [90, 89, 88, 87, 84, 81]
Safe: [22, 24, 27, 30, 32, 35, 36, 37]
Safe: [55, 52, 50, 47, 44]
Safe: [99, 97, 94, 92, 91, 89]
Safe: [25, 22, 21, 19, 18, 17]
Safe: [45, 44, 42, 41, 39, 36, 35, 34]
Safe: [48, 46, 43, 41, 40, 37]
Safe: [29, 31, 34, 37, 39]
Safe: [54, 53, 51, 49, 47, 46, 45]
Safe: [13, 10, 9, 7, 5, 3]
Safe: [61, 60, 58, 57, 55, 54, 52, 49]
Safe: [54, 53, 51, 48, 46, 44, 41, 40]
Safe: [22, 21, 20, 17, 15, 14, 11, 10]
Safe: [46, 45, 44, 42, 39, 37, 35, 32]
Safe: [80, 82, 84, 85, 88]
Safe: [42, 40, 38, 36, 35, 33, 32]
Safe: [49, 50, 52, 54, 57, 60]
Safe: [62, 65, 68, 71, 72, 74, 77, 80]
Safe: [69, 66, 63, 62, 61, 59, 58]
Safe: [42, 41, 38, 36, 33, 30]
Safe: [55, 54, 51, 50, 47]
Safe: [35, 33, 31, 30, 28, 27, 26]
Safe: [55, 58, 60, 63, 65]
332
